[0 0 0]
[1149  103  -42]
[ -27  -23 1101]
[-108 1250 1068]
[2257   69   10]
[ 1237 -1138  -106]
[-1271  1311  1126]
[ 2394 -1151   -62]
[1133 1273 1155]
[ 1191 -2268    31]
[ 2355   107 -1170]
[3533   84  -61]
[2365   65 1259]
[ 3551 -1103  -120]
[4824   77  -25]
[2370 1147 1153]
[ 2292 -1138 -1190]
[1169 2485 1247]
[2289   26 2313]
[ 3553   109 -1140]
[ 4698 -1107    16]
[4712   94 1119]
[ 3581  1204 -1150]
[2277 2508 1196]
[4754 1284  -97]
[ 5936 -1213   -61]
[5955  130 1264]
[3483 2515 1129]
[ 4665 -1202  1183]
[4767 2501 -133]
[3604 2493 2325]
[4825 3706  -67]
[7102   95 1101]
[4734 2411 1178]
[5856 2500 1165]
[4649 3692 1231]
